image_width: 320
image_height: 240
camera_name: camerav2_320x240
camera_matrix:
  rows: 3
  cols: 3
  data: [250.1017033015881, 0, 160.8674573943815, 0, 249.2110043366764, 119.5892838475209, 0, 0, 1]
distortion_model: plumb_bob
distortion_coefficients:
  rows: 1
  cols: 5
  data: [0.1438382682492408, -0.2550249743192691, -0.0103815378986172, 0.005048290552603019, 0]
rectification_matrix:
  rows: 3
  cols: 3
  data: [1, 0, 0, 0, 1, 0, 0, 0, 1]
projection_matrix:
  rows: 3
  cols: 4
  data: [254.6733245849609, 0, 162.5059929782874, 0, 0, 254.8410491943359, 117.6238146683436, 0, 0, 0, 1, 0]